999 999 999 999 999 999 999 999 999 999 999 999 -10 -10 -22 -05
999 999 999 999 999 999 999 999 999 999 999 999 -10 -10 -02 -10
999 999 999 999 999 999 999 999 999 999 999 999 -22 -05 -10 -05
999 999 999 999 999 999 999 999 999 999 999 999 -03 -10 -03 -20
999 999 999 999 999 999 999 999 -15 -15 -27 -19 999 999 999 999
999 999 999 999 999 999 999 999 -15 -15 -10 -15 999 999 999 999
999 999 999 999 999 999 999 999 -27 -19 -15 -19 999 999 999 999
999 999 999 999 999 999 999 999 -14 -15 -14 -25 999 999 999 999
999 999 999 999 -15 -15 -27 -13 999 999 999 999 -15 -15 -27 -13
999 999 999 999 -15 -15 -06 -15 999 999 999 999 -15 -15 -06 -15
999 999 999 999 -27 -15 -15 -15 999 999 999 999 -27 -15 -15 -15
999 999 999 999 -08 -15 -08 -25 999 999 999 999 -08 -15 -08 -25
-10 -10 -22 -04 999 999 999 999 -10 -10 -22 -04 999 999 999 999
-10 -10 002 -10 999 999 999 999 -10 -10 002 -10 999 999 999 999
-22 -04 -10 -04 999 999 999 999 -22 -04 -10 -04 999 999 999 999
002 -10 002 -20 999 999 999 999 002 -10 002 -20 999 999 999 999