999 999 999 999 999 999 999 999 999 999 999 999 -08 -10 -17 -10
999 999 999 999 999 999 999 999 999 999 999 999 -07 -07 -07 -07
999 999 999 999 999 999 999 999 999 999 999 999 -15 -10 -10 -10
999 999 999 999 999 999 999 999 999 999 999 999 -08 -08 -08 -08
999 999 999 999 999 999 999 999 -14 -20 -21 -19 999 999 999 999
999 999 999 999 999 999 999 999 -10 -11 -10 -08 999 999 999 999
999 999 999 999 999 999 999 999 -21 -19 -14 -19 999 999 999 999
999 999 999 999 999 999 999 999 -14 -15 -14 -12 999 999 999 999
999 999 999 999 -11 -13 -20 -13 999 999 999 999 -08 -10 -17 -10
999 999 999 999 -11 -06 -06 -05 999 999 999 999 -07 -07 -07 -07
999 999 999 999 -23 -15 -14 -15 999 999 999 999 -15 -10 -10 -10
999 999 999 999 -08 -08 -08 -07 999 999 999 999 -08 -08 -08 -08
-10 -08  -18 -9 999 999 999 -12 -14 -20 -14 999 999 999 999 999
-07 -06 -03 -05 999 999 999 999 -09 -09 -07 -07 999 999 999 999
-18 -09 -12 -09 999 999 999 999 -20 -14 -13 -14 999 999 999 999
-03 -06 -03 -05 999 999 999 999 -09 -11 -09 -09 999 999 999 999