999 999 999 999 999 999 999 999 999 999 999 999 999 999 999 -09
999 999 999 999 999 999 999 999 999 999 999 999 999 999 -21 999
999 999 999 999 999 999 999 999 999 999 999 999 999 -17 999 -05
999 999 999 999 999 999 999 999 999 999 999 999 -09 999 -10 999
999 999 999 999 999 999 999 999 999 999 999 -18 999 999 999 999
999 999 999 999 999 999 999 999 999 999 -29 999 999 999 999 999
999 999 999 999 999 999 999 999 999 -20 999 -12 999 999 999 999
999 999 999 999 999 999 999 999 -17 999 -19 999 999 999 999 999
999 999 999 999 999 999 999 -23 999 999 999 999 999 999 999 -11
999 999 999 999 999 999 -34 999 999 999 999 999 999 999 -21 999
999 999 999 999 999 -29 999 -14 999 999 999 999 999 -19 999 -04
999 999 999 999 -21 999 -21 999 999 999 999 999 -10 999 +15 999
999 999 999 -11 999 999 999 999 999 999 999 -08 999 999 999 999
999 999 -23 999 999 999 999 999 999 999 -14 999 999 999 999 999
999 -18 999 -08 999 999 999 999 999 -12 999 -02 999 999 999 999
-09 999 -11 999 999 999 999 999 -05 999 -04 999 999 999 999 999